2761
0 0 8.03242e-16 0
1 0 1.62793e-15 0
2 0 1.90978e-14 0
3 0 2.1891e-14 0
4 0 2.69784e-14 0
6 0 6.43543e-15 0
7 0 6.32741e-15 0
8 0 1.4774e-15 0
9 0 7.182e-17 0
11 0 3.55488e-14 0
13 0 4.6164e-14 0
15 0 2.70799e-14 0
16 0 5.6745e-17 0
17 0 2.84414e-14 0
18 0 9.81808e-15 0
20 0 3.54713e-14 0
21 0 1.86219e-14 0
22 0 1.18609e-14 0
23 0 4.78741e-14 0
24 0 1.10971e-15 0
25 0 1.91736e-14 0
26 0 4.08377e-15 0
28 0 8.01934e-15 0
30 0 4.22604e-15 0
31 0 2.09428e-15 0
32 0 6.19148e-15 0
33 0 3.82704e-14 0
34 0 1.85135e-14 0
36 0 1.34536e-15 0
38 0 1.15424e-15 0
40 0 7.182e-17 0
41 0 4.80198e-15 0
42 0 1.23802e-14 0
43 0 7.19291e-14 0
44 0 5.84884e-15 0
46 0 7.182e-17 0
47 0 3.55488e-14 0
48 0 2.79833e-14 0
49 0 2.1891e-14 0
50 0 2.72474e-14 0
51 0 9.12739e-15 0
52 0 4.07359e-14 0
53 0 1.27228e-15 0
54 0 1.84718e-14 0
56 0 9.88755e-16 0
57 0 1.21681e-14 0
58 0 5.13686e-15 0
59 0 1.1921e-15 0
60 0 2.82912e-14 0
61 0 6.92315e-14 0
62 0 2.11163e-17 0
63 0 5.16687e-15 0
64 0 4.37644e-15 0
65 0 1.00266e-14 0
66 0 5.79543e-14 0
67 0 1.50102e-15 0
68 0 1.09216e-15 0
71 0 7.226e-17 0
72 0 8.15444e-14 0
73 0 7.99565e-15 0
74 0 2.66751e-14 0
75 0 2.7227e-15 0
76 0 1.18731e-14 0
77 0 1.2488e-14 0
78 0 1.02019e-15 0
79 0 1.23783e-14 0
80 0 1.65485e-14 0
81 0 4.08377e-15 0
83 0 2.66671e-14 0
84 0 2.3479e-14 0
85 0 1.09474e-14 0
86 0 1.17265e-14 0
87 0 2.66936e-14 0
88 0 1.26617e-15 0
89 0 1.09401e-14 0
90 0 9.32725e-15 0
91 0 2.1675e-17 0
92 0 4.37644e-15 0
93 0 6.63632e-15 0
94 0 3.56276e-14 0
95 0 1.02019e-15 0
96 0 3.56043e-15 0
97 0 1.3114e-15 0
98 0 1.57934e-14 0
99 0 3.56276e-14 0
101 0 1.57121e-14 0
102 0 2.34341e-14 0
103 0 2.89392e-14 0
104 0 1.58907e-13 0
105 0 3.54713e-14 0
106 0 5.43645e-15 0
107 0 3.05588e-14 0
108 0 7.226e-17 0
109 0 2.1675e-17 0
110 0 4.71443e-15 0
111 0 9.15578e-15 0
112 0 1.02019e-15 0
113 0 5.6745e-17 0
114 0 9.30247e-15 0
115 0 1.84806e-14 0
116 0 7.226e-17 0
117 0 3.56043e-15 0
118 0 2.90368e-14 0
120 0 7.226e-17 0
121 0 2.51066e-14 0
122 0 2.37989e-14 0
123 0 7.182e-17 0
124 0 1.13941e-14 0
125 0 3.08944e-14 0
127 0 2.74331e-14 0
128 0 3.55488e-14 0
129 0 2.35277e-14 0
130 0 7.226e-17 0
131 0 3.28125e-17 0
133 0 1.23041e-14 0
134 0 7.226e-17 0
135 0 4.42041e-15 0
136 0 1.65244e-14 0
137 0 2.51066e-14 0
138 0 3.65206e-14 0
142 0 4.08377e-15 0
144 0 2.81156e-15 0
145 0 4.08377e-15 0
146 0 2.84444e-14 0
147 0 4.49975e-15 0
148 0 3.55488e-14 0
149 0 1.36938e-15 0
150 0 4.08377e-15 0
151 0 1.15655e-14 0
152 0 2.34862e-14 0
153 0 1.29732e-14 0
154 0 1.82103e-14 0
155 0 2.34871e-14 0
157 0 1.66742e-15 0
158 0 2.41131e-14 0
159 0 1.42021e-14 0
160 0 5.89438e-15 0
161 0 7.182e-17 0
162 0 3.09066e-15 0
163 0 3.05381e-14 0
166 0 1.42625e-15 0
167 0 9.8114e-16 0
168 0 1.33509e-14 0
170 0 3.11537e-14 0
171 0 4.08377e-15 0
172 0 3.06176e-14 0
173 0 9.77256e-15 0
174 0 5.96321e-15 0
175 0 1.21097e-14 0
179 0 3.31677e-14 0
180 0 1.53571e-14 0
181 0 4.71143e-14 0
183 0 5.84884e-15 0
184 0 6.6957e-15 0
185 0 5.97337e-15 0
187 0 5.61717e-15 0
188 0 4.08377e-15 0
190 0 1.02019e-15 0
191 0 1.87407e-14 0
192 0 2.51066e-14 0
193 0 3.23052e-15 0
194 0 1.50495e-14 0
197 0 4.2888e-14 0
199 0 4.50447e-15 0
200 0 6.82079e-15 0
201 0 4.08377e-15 0
202 0 5.26546e-15 0
203 0 7.182e-17 0
204 0 7.182e-17 0
205 0 4.56862e-15 0
206 0 8.86539e-16 0
207 0 2.73415e-14 0
208 0 1.05082e-14 0
209 0 2.57879e-15 0
212 0 2.75396e-14 0
213 0 4.08377e-15 0
214 0 3.02897e-15 0
216 0 4.08377e-15 0
217 0 1.13153e-14 0
218 0 9.0071e-15 0
219 0 4.58016e-14 0
220 0 4.85305e-14 0
221 0 1.06662e-15 0
222 0 1.05109e-12 0
223 0 4.52124e-15 0
224 0 2.94473e-15 0
225 0 3.06101e-14 0
226 0 1.19958e-14 0
227 0 9.20354e-15 0
228 0 1.12949e-15 0
229 0 2.76531e-14 0
230 0 2.66635e-14 0
231 0 7.89104e-15 0
233 0 7.182e-17 0
234 0 1.09162e-14 0
235 0 7.226e-17 0
236 0 2.82912e-14 0
237 0 1.86429e-14 0
238 0 9.92572e-14 0
240 0 1.55909e-14 0
241 0 1.37148e-14 0
242 0 3.85966e-14 0
243 0 8.63227e-15 0
244 0 3.05436e-14 0
245 0 1.61292e-15 0
246 0 2.66079e-14 0
247 0 7.182e-17 0
248 0 4.6413e-15 0
249 0 1.98522e-14 0
250 0 1.63629e-14 0
251 0 5.25382e-15 0
252 0 3.11257e-14 0
253 0 1.5527e-15 0
255 0 1.18976e-14 0
257 0 1.02019e-15 0
258 0 4.56761e-15 0
259 0 1.12277e-14 0
260 0 4.61661e-14 0
261 0 3.56043e-15 0
262 0 7.182e-17 0
263 0 4.65736e-14 0
264 0 7.226e-17 0
266 0 2.37586e-14 0
268 0 6.92315e-14 0
269 0 4.49975e-15 0
270 0 9.61804e-15 0
271 0 2.36839e-14 0
272 0 2.11163e-17 0
273 0 1.05752e-14 0
274 0 2.82912e-14 0
275 0 4.64857e-14 0
276 0 3.54713e-14 0
277 0 2.86459e-14 0
278 0 2.72994e-14 0
279 0 1.17798e-15 0
280 0 8.7063e-15 0
282 0 2.83377e-14 0
284 0 4.49111e-14 0
285 0 2.76345e-14 0
286 0 9.79361e-15 0
289 0 2.5602e-14 0
290 0 1.13595e-14 0
291 0 3.31677e-14 0
292 0 8.57268e-15 0
293 0 6.92315e-14 0
294 0 5.11832e-15 0
295 0 4.37644e-15 0
297 0 2.79927e-15 0
298 0 1.49231e-14 0
299 0 1.58194e-14 0
300 0 2.68884e-14 0
301 0 7.86889e-15 0
302 0 6.28637e-14 0
305 0 1.51916e-13 0
306 0 4.08377e-15 0
307 0 1.46067e-14 0
308 0 2.33976e-14 0
309 0 1.20454e-14 0
310 0 4.74013e-15 0
311 0 2.08553e-14 0
312 0 1.18809e-14 0
313 0 1.77807e-14 0
314 0 9.58829e-16 0
316 0 1.11293e-14 0
317 0 2.35222e-14 0
318 0 3.14491e-15 0
319 0 1.05659e-12 0
320 0 7.226e-17 0
321 0 1.17948e-14 0
322 0 1.37871e-15 0
323 0 2.96537e-15 0
324 0 4.81587e-14 0
326 0 2.74331e-14 0
327 0 8.03303e-15 0
328 0 5.9077e-15 0
329 0 2.66079e-14 0
330 0 2.34977e-14 0
331 0 6.37227e-15 0
332 0 7.182e-17 0
333 0 7.00944e-15 0
334 0 4.37644e-15 0
336 0 1.58823e-14 0
338 0 2.82912e-14 0
341 0 1.0969e-14 0
342 0 2.02123e-14 0
343 0 3.31952e-14 0
344 0 5.96932e-15 0
345 0 6.73042e-15 0
346 0 7.15059e-14 0
347 0 2.66079e-14 0
348 0 1.03639e-15 0
349 0 1.05659e-12 0
350 0 7.226e-17 0
351 0 4.59448e-14 0
353 0 4.65271e-14 0
354 0 4.48096e-15 0
355 0 1.85774e-14 0
356 0 4.07359e-14 0
357 0 2.6821e-14 0
358 0 1.77126e-14 0
359 0 1.10864e-14 0
360 0 2.84326e-15 0
363 0 1.18102e-14 0
365 0 6.92315e-14 0
366 0 2.35325e-14 0
368 0 2.46523e-15 0
369 0 1.91183e-14 0
370 0 9.11703e-15 0
371 0 1.00052e-14 0
372 0 1.46268e-14 0
373 0 2.8014e-14 0
374 0 2.92229e-15 0
375 0 1.11415e-14 0
377 0 7.182e-17 0
378 0 4.70424e-14 0
379 0 2.74159e-14 0
382 0 2.45202e-15 0
383 0 3.28125e-17 0
384 0 4.07359e-14 0
385 0 1.66742e-15 0
386 0 7.182e-17 0
387 0 7.78845e-15 0
388 0 8.61371e-15 0
389 0 5.84884e-15 0
390 0 5.70582e-15 0
391 0 2.1411e-14 0
393 0 1.3359e-15 0
394 0 7.226e-17 0
395 0 3.56043e-15 0
396 0 1.10239e-15 0
397 0 7.182e-17 0
399 0 1.11834e-14 0
400 0 5.91794e-15 0
402 0 4.62971e-14 0
404 0 2.51066e-14 0
405 0 1.09718e-14 0
406 0 2.1675e-17 0
407 0 6.91018e-14 0
408 0 1.04688e-15 0
409 0 2.71497e-14 0
410 0 3.05436e-14 0
411 0 2.01465e-14 0
412 0 3.53303e-14 0
414 0 5.09164e-15 0
415 0 8.40301e-15 0
417 0 2.68178e-14 0
418 0 4.49199e-14 0
419 0 2.82912e-14 0
420 0 4.49621e-14 0
422 0 1.18383e-15 0
423 0 5.90294e-15 0
426 0 4.46514e-15 0
430 0 2.82912e-14 0
431 0 1.68298e-14 0
432 0 2.2987e-15 0
433 0 1.50315e-14 0
434 0 1.38167e-15 0
435 0 2.34553e-14 0
436 0 1.57379e-15 0
437 0 8.67417e-15 0
438 0 4.22028e-15 0
439 0 2.82912e-14 0
440 0 4.08377e-15 0
441 0 8.30975e-17 0
442 0 2.66639e-14 0
444 0 4.37644e-15 0
445 0 1.05109e-12 0
447 0 7.226e-17 0
448 0 9.29422e-15 0
449 0 3.56043e-15 0
450 0 2.70506e-14 0
451 0 1.87881e-14 0
452 0 3.42048e-14 0
453 0 8.89061e-15 0
454 0 8.67561e-15 0
455 0 7.182e-17 0
456 0 1.37025e-14 0
457 0 3.05425e-15 0
458 0 8.6037e-15 0
460 0 2.85969e-14 0
461 0 2.89572e-14 0
462 0 1.66742e-15 0
463 0 2.11163e-17 0
464 0 2.94473e-15 0
465 0 9.00336e-15 0
466 0 1.52036e-14 0
467 0 1.38202e-15 0
468 0 4.67949e-14 0
470 0 2.69264e-14 0
471 0 2.67081e-15 0
472 0 4.50572e-14 0
473 0 3.7584e-17 0
474 0 2.88423e-14 0
475 0 2.74331e-14 0
476 0 1.50032e-15 0
477 0 3.55488e-14 0
478 0 1.96263e-17 0
479 0 1.41781e-14 0
480 0 4.50204e-15 0
482 0 2.94473e-15 0
484 0 9.48272e-15 0
485 0 1.85135e-14 0
486 0 2.82912e-14 0
487 0 1.05109e-12 0
488 0 1.5527e-15 0
489 0 1.7063e-14 0
490 0 3.28125e-17 0
491 0 1.63685e-14 0
494 0 1.66682e-14 0
495 0 2.24477e-14 0
497 0 2.2066e-14 0
498 0 4.55638e-14 0
499 0 1.66742e-15 0
500 0 4.56862e-15 0
501 0 5.94642e-15 0
502 0 6.92315e-14 0
503 0 9.07049e-15 0
504 0 1.09529e-14 0
505 0 5.33761e-15 0
508 0 7.34651e-15 0
509 0 1.35515e-15 0
510 0 1.89325e-14 0
511 0 1.07813e-15 0
512 0 5.9077e-15 0
513 0 3.07236e-15 0
514 0 3.56043e-15 0
515 0 2.94473e-15 0
516 0 1.71708e-14 0
517 0 1.37489e-15 0
518 0 1.47967e-14 0
519 0 2.1891e-14 0
520 0 4.37644e-15 0
521 0 9.10305e-15 0
522 0 2.6801e-15 0
523 0 1.86771e-14 0
524 0 1.47162e-15 0
525 0 2.66079e-14 0
527 0 8.15563e-14 0
529 0 1.65098e-14 0
530 0 1.02019e-15 0
531 0 2.33976e-14 0
532 0 5.84884e-15 0
533 0 2.9468e-14 0
534 0 2.66079e-14 0
537 0 2.1675e-17 0
538 0 1.14876e-14 0
540 0 4.66966e-14 0
541 0 8.18829e-16 0
542 0 1.20584e-14 0
543 0 8.03242e-16 0
544 0 9.46132e-16 0
546 0 7.182e-17 0
547 0 2.1675e-17 0
548 0 1.20813e-14 0
550 0 4.07359e-14 0
551 0 4.73094e-14 0
553 0 2.73934e-14 0
554 0 2.6842e-14 0
555 0 2.96537e-15 0
556 0 3.045e-15 0
557 0 4.08377e-15 0
558 0 3.07142e-15 0
559 0 2.38184e-15 0
560 0 9.0533e-15 0
562 0 2.15497e-14 0
563 0 7.182e-17 0
565 0 2.07043e-14 0
566 0 2.8418e-14 0
567 0 1.19129e-14 0
568 0 4.23606e-15 0
569 0 1.07728e-15 0
570 0 3.18942e-15 0
572 0 3.05878e-14 0
573 0 1.3388e-15 0
574 0 1.04248e-15 0
576 0 1.35328e-15 0
577 0 1.10971e-15 0
578 0 3.10735e-14 0
579 0 1.1558e-14 0
580 0 1.61154e-14 0
581 0 2.71482e-14 0
582 0 4.032e-17 0
583 0 1.05659e-12 0
584 0 2.68126e-14 0
585 0 3.07322e-14 0
586 0 1.12542e-14 0
588 0 2.1675e-17 0
589 0 2.45896e-14 0
590 0 2.94473e-15 0
591 0 4.07359e-14 0
593 0 1.05109e-12 0
594 0 1.14904e-14 0
595 0 2.75114e-14 0
596 0 1.05109e-12 0
597 0 3.31677e-14 0
598 0 8.17432e-15 0
599 0 2.1891e-14 0
600 0 1.89239e-14 0
601 0 2.32112e-14 0
602 0 2.24102e-14 0
603 0 2.37927e-14 0
604 0 1.8332e-14 0
605 0 1.16589e-15 0
606 0 5.25382e-15 0
607 0 8.03242e-16 0
608 0 2.83868e-14 0
609 0 1.08649e-15 0
610 0 1.42079e-15 0
611 0 1.24716e-14 0
612 0 1.13595e-14 0
613 0 2.82912e-14 0
614 0 2.66948e-14 0
615 0 8.45052e-15 0
617 0 2.74331e-14 0
618 0 1.66742e-15 0
619 0 3.05581e-14 0
620 0 1.23162e-14 0
622 0 4.50447e-15 0
623 0 1.08993e-15 0
624 0 1.00551e-13 0
625 0 3.15406e-14 0
628 0 4.032e-17 0
629 0 4.08377e-15 0
630 0 1.93208e-14 0
632 0 1.17124e-15 0
633 0 4.07359e-14 0
635 0 3.56276e-14 0
636 0 1.20776e-14 0
637 0 2.75635e-14 0
638 0 3.1248e-14 0
639 0 2.85481e-14 0
640 0 7.226e-17 0
641 0 7.182e-17 0
642 0 5.962e-15 0
643 0 2.90786e-14 0
644 0 2.77927e-15 0
645 0 5.52345e-15 0
646 0 2.69278e-14 0
647 0 2.35919e-14 0
648 0 3.56276e-14 0
649 0 3.00074e-15 0
651 0 1.15603e-14 0
652 0 4.032e-17 0
653 0 2.77927e-15 0
654 0 8.79421e-15 0
655 0 2.37031e-14 0
656 0 3.11997e-14 0
657 0 4.032e-17 0
658 0 2.78797e-14 0
659 0 2.38263e-14 0
660 0 1.02019e-15 0
661 0 2.71293e-14 0
662 0 3.12015e-15 0
663 0 5.014e-14 0
664 0 4.22604e-15 0
665 0 2.34159e-14 0
666 0 2.74331e-14 0
667 0 2.66398e-14 0
668 0 1.05599e-14 0
669 0 2.01949e-14 0
671 0 7.182e-17 0
673 0 7.226e-17 0
674 0 5.41766e-15 0
675 0 1.66742e-15 0
676 0 5.86795e-15 0
677 0 1.21427e-14 0
678 0 7.226e-17 0
679 0 1.71339e-14 0
680 0 8.35596e-14 0
681 0 1.0834e-15 0
682 0 1.02279e-14 0
684 0 1.58156e-15 0
685 0 3.31135e-14 0
686 0 3.15237e-14 0
687 0 3.56043e-15 0
688 0 6.92455e-15 0
689 0 9.10339e-15 0
690 0 1.51169e-14 0
691 0 5.01596e-15 0
692 0 9.16778e-15 0
693 0 2.26283e-14 0
694 0 8.98628e-15 0
695 0 1.85163e-14 0
696 0 4.08377e-15 0
697 0 8.59044e-15 0
698 0 5.84884e-15 0
699 0 2.66079e-14 0
700 0 8.95947e-15 0
701 0 2.54187e-15 0
703 0 7.226e-17 0
704 0 2.94473e-15 0
705 0 1.02019e-15 0
706 0 1.05109e-12 0
707 0 3.05678e-14 0
708 0 2.94473e-15 0
709 0 2.7837e-14 0
710 0 3.5665e-14 0
712 0 2.11163e-17 0
714 0 1.55782e-14 0
715 0 4.70742e-15 0
716 0 4.82903e-15 0
717 0 1.10174e-14 0
718 0 7.182e-17 0
719 0 4.37644e-15 0
721 0 4.07359e-14 0
722 0 4.37644e-15 0
723 0 2.11163e-17 0
724 0 2.94473e-15 0
725 0 1.37625e-14 0
726 0 2.74331e-14 0
727 0 2.94473e-15 0
729 0 7.182e-17 0
730 0 3.31677e-14 0
731 0 1.85121e-14 0
732 0 1.0093e-15 0
733 0 4.08377e-15 0
734 0 2.3787e-14 0
735 0 7.226e-17 0
736 0 8.73573e-15 0
737 0 2.68561e-14 0
740 0 5.80804e-15 0
741 0 2.66526e-14 0
742 0 3.78215e-15 0
743 0 6.04733e-15 0
744 0 9.00107e-15 0
746 0 4.08377e-15 0
747 0 2.77927e-15 0
748 0 1.27546e-14 0
749 0 8.76314e-15 0
750 0 2.94473e-15 0
751 0 4.56022e-14 0
753 0 7.31963e-15 0
754 0 1.8827e-14 0
755 0 3.14059e-14 0
756 0 9.07647e-15 0
757 0 1.92345e-14 0
759 0 1.19257e-14 0
760 0 3.56276e-14 0
762 0 1.70593e-14 0
763 0 2.66079e-14 0
764 0 2.3787e-14 0
765 0 1.87363e-14 0
766 0 4.08377e-15 0
767 0 2.82912e-14 0
769 0 1.11189e-14 0
770 0 1.50976e-15 0
772 0 2.82912e-14 0
773 0 1.10657e-15 0
774 0 2.1675e-17 0
775 0 3.05436e-14 0
777 0 3.07761e-14 0
778 0 4.08377e-15 0
779 0 1.85862e-14 0
780 0 6.92315e-14 0
783 0 6.26474e-15 0
784 0 2.09183e-15 0
785 0 9.46132e-16 0
786 0 4.08377e-15 0
788 0 2.95853e-15 0
789 0 2.86301e-14 0
790 0 7.226e-17 0
791 0 2.74331e-14 0
793 0 1.85181e-14 0
794 0 5.23502e-15 0
795 0 4.37644e-15 0
796 0 4.22028e-15 0
797 0 2.70603e-14 0
799 0 7.88129e-14 0
800 0 7.182e-17 0
802 0 4.43975e-14 0
805 0 1.02019e-15 0
806 0 2.72412e-14 0
807 0 1.51593e-14 0
808 0 1.63402e-14 0
811 0 4.08377e-15 0
812 0 1.00576e-15 0
814 0 3.13494e-14 0
816 0 4.67162e-15 0
817 0 1.09109e-14 0
818 0 1.32719e-14 0
819 0 1.06726e-15 0
820 0 1.67534e-14 0
821 0 4.37644e-15 0
822 0 3.12896e-14 0
823 0 1.04542e-15 0
824 0 1.09416e-14 0
825 0 8.75336e-15 0
826 0 1.53875e-14 0
827 0 2.94473e-15 0
830 0 1.02019e-15 0
831 0 5.87075e-17 0
832 0 8.15307e-15 0
833 0 1.20199e-14 0
834 0 3.98035e-15 0
835 0 5.84784e-15 0
836 0 1.84718e-14 0
837 0 1.35248e-15 0
839 0 2.04395e-14 0
840 0 7.09681e-15 0
841 0 7.09349e-15 0
842 0 1.11547e-15 0
844 0 5.25382e-15 0
847 0 7.07089e-14 0
848 0 2.1675e-17 0
849 0 1.47709e-14 0
850 0 1.72372e-14 0
851 0 1.00702e-15 0
852 0 1.02019e-15 0
854 0 1.42275e-14 0
855 0 1.32041e-14 0
856 0 3.14455e-14 0
857 0 1.2715e-14 0
858 0 2.2987e-15 0
859 0 8.15717e-16 0
860 0 4.2065e-15 0
862 0 8.83211e-15 0
863 0 5.03819e-15 0
864 0 5.81272e-15 0
866 0 1.84718e-14 0
867 0 5.9077e-15 0
868 0 6.92315e-14 0
869 0 1.09793e-14 0
870 0 1.84718e-14 0
872 0 4.08377e-15 0
873 0 4.66705e-15 0
874 0 1.07019e-15 0
876 0 2.94473e-15 0
877 0 2.40552e-14 0
878 0 7.226e-17 0
879 0 3.65018e-14 0
880 0 2.04911e-14 0
883 0 4.08377e-15 0
884 0 6.92315e-14 0
885 0 2.70756e-14 0
886 0 2.80675e-14 0
887 0 1.11208e-14 0
888 0 1.24151e-14 0
889 0 1.2382e-14 0
890 0 1.77584e-15 0
891 0 2.82912e-14 0
892 0 1.13538e-14 0
894 0 4.44847e-11 0
895 0 2.51065e-14 0
896 0 1.61017e-14 0
899 0 3.05436e-14 0
900 0 7.87595e-15 0
901 0 2.81179e-15 0
902 0 3.55488e-14 0
903 0 3.25083e-14 0
904 0 8.03242e-16 0
906 0 5.92094e-15 0
907 0 2.71935e-14 0
909 0 1.2289e-14 0
911 0 1.18957e-14 0
912 0 2.76184e-14 0
913 0 4.42041e-15 0
915 0 2.35703e-14 0
916 0 3.27159e-15 0
917 0 3.07627e-14 0
918 0 9.30176e-15 0
920 0 3.56276e-14 0
921 0 8.62353e-14 0
922 0 1.00132e-14 0
923 0 7.82536e-14 0
925 0 1.45266e-14 0
926 0 2.94473e-15 0
927 0 2.66751e-14 0
928 0 2.71321e-14 0
930 0 5.68319e-16 0
932 0 1.51998e-14 0
933 0 3.8232e-17 0
934 0 4.37644e-15 0
935 0 8.57662e-15 0
936 0 2.1891e-14 0
937 0 5.20219e-15 0
939 0 3.1214e-14 0
940 0 3.06113e-14 0
941 0 1.89608e-14 0
942 0 2.82912e-14 0
943 0 2.2987e-15 0
944 0 1.45299e-14 0
946 0 3.05581e-14 0
947 0 2.43396e-14 0
948 0 3.07561e-14 0
949 0 1.49756e-14 0
950 0 9.08608e-15 0
951 0 7.182e-17 0
952 0 7.182e-17 0
953 0 7.84801e-15 0
954 0 1.02019e-15 0
955 0 2.53254e-15 0
956 0 5.9077e-15 0
957 0 1.32983e-14 0
958 0 4.032e-17 0
959 0 1.85038e-14 0
960 0 2.1891e-14 0
962 0 2.1675e-17 0
963 0 4.032e-17 0
964 0 4.08377e-15 0
965 0 1.18349e-14 0
966 0 8.62219e-14 0
967 0 2.3674e-14 0
968 0 1.64575e-14 0
969 0 1.66742e-15 0
970 0 7.226e-17 0
971 0 9.95711e-15 0
972 0 1.85135e-14 0
974 0 4.37644e-15 0
976 0 2.73334e-14 0
977 0 3.56043e-15 0
978 0 1.14688e-14 0
979 0 1.36907e-15 0
980 0 7.182e-17 0
981 0 2.77708e-14 0
982 0 5.41805e-15 0
983 0 9.07263e-15 0
984 0 4.69297e-14 0
985 0 1.11368e-13 0
987 0 8.01248e-15 0
988 0 3.54713e-14 0
989 0 2.69878e-14 0
990 0 2.60967e-15 0
991 0 2.90617e-14 0
992 0 2.69264e-14 0
993 0 2.74331e-14 0
994 0 3.56043e-15 0
996 0 1.02019e-15 0
997 0 1.12212e-14 0
999 0 2.74243e-14 0
1000 0 5.25382e-15 0
1001 0 2.85278e-14 0
1002 0 1.6857e-14 0
1003 0 8.71849e-14 0
1004 0 7.226e-17 0
1005 0 5.49624e-15 0
1006 0 9.70053e-15 0
1007 0 3.07142e-15 0
1009 0 1.03308e-15 0
1010 0 3.06842e-15 0
1013 0 2.51065e-14 0
1015 0 2.67266e-14 0
1016 0 8.61209e-16 0
1017 0 7.182e-17 0
1018 0 2.74331e-14 0
1019 0 1.47561e-15 0
1020 0 6.61962e-15 0
1021 0 9.19442e-15 0
1022 0 4.37644e-15 0
1023 0 4.06476e-14 0
1025 0 6.61323e-15 0
1026 0 1.02177e-15 0
1029 0 1.33555e-15 0
1030 0 7.90938e-15 0
1031 0 1.61444e-14 0
1033 0 2.63199e-15 0
1034 0 2.33976e-14 0
1038 0 1.34457e-14 0
1039 0 2.74331e-14 0
1040 0 2.1891e-14 0
1041 0 3.22259e-14 0
1042 0 2.67188e-14 0
1043 0 4.78549e-15 0
1044 0 4.08377e-15 0
1045 0 4.49421e-14 0
1046 0 7.226e-17 0
1048 0 1.03639e-15 0
1049 0 8.18829e-16 0
1050 0 9.80949e-16 0
1051 0 2.37221e-14 0
1052 0 5.84884e-15 0
1053 0 1.6015e-14 0
1054 0 4.032e-17 0
1055 0 2.2987e-15 0
1056 0 1.13406e-15 0
1057 0 6.92315e-14 0
1058 0 1.02019e-15 0
1059 0 2.82062e-14 0
1060 0 5.97337e-15 0
1061 0 3.55488e-14 0
1062 0 2.1675e-17 0
1063 0 7.182e-17 0
1064 0 5.90999e-15 0
1065 0 2.71131e-14 0
1066 0 9.30143e-15 0
1067 0 1.47478e-14 0
1068 0 1.74228e-15 0
1069 0 3.08985e-14 0
1070 0 4.81239e-15 0
1071 0 1.1675e-14 0
1072 0 7.63319e-16 0
1073 0 7.226e-17 0
1074 0 5.81445e-15 0
1075 0 1.07998e-14 0
1077 0 8.03242e-16 0
1078 0 9.01499e-15 0
1079 0 4.48096e-15 0
1080 0 2.70895e-14 0
1081 0 5.25382e-15 0
1082 0 4.62463e-15 0
1084 0 2.7676e-14 0
1085 0 5.87075e-17 0
1086 0 1.6985e-14 0
1087 0 7.226e-17 0
1088 0 2.85278e-14 0
1090 0 2.94473e-15 0
1091 0 1.05109e-12 0
1092 0 1.123e-15 0
1095 0 4.37644e-15 0
1096 0 1.02019e-15 0
1097 0 1.08412e-14 0
1098 0 1.91342e-14 0
1099 0 2.82912e-14 0
1100 0 6.11296e-15 0
1102 0 4.48096e-15 0
1103 0 2.37078e-14 0
1104 0 2.76102e-14 0
1105 0 1.43236e-15 0
1107 0 2.94473e-15 0
1108 0 3.40141e-14 0
1109 0 1.10504e-14 0
1110 0 4.42041e-15 0
1111 0 7.182e-17 0
1112 0 7.226e-17 0
1113 0 1.95391e-13 0
1114 0 1.12939e-15 0
1115 0 6.43142e-15 0
1117 0 4.032e-17 0
1118 0 5.25382e-15 0
1119 0 1.45965e-14 0
1120 0 1.09216e-15 0
1121 0 1.02019e-15 0
1122 0 1.36594e-15 0
1124 0 1.01365e-13 0
1125 0 2.38119e-14 0
1126 0 1.15486e-14 0
1127 0 4.07359e-14 0
1128 0 8.42933e-15 0
1129 0 2.73492e-14 0
1130 0 3.77961e-14 0
1131 0 1.05109e-12 0
1133 0 1.02235e-14 0
1134 0 9.8114e-16 0
1135 0 8.77061e-15 0
1137 0 1.23369e-14 0
1138 0 3.12353e-15 0
1140 0 1.08426e-15 0
1141 0 5.15348e-15 0
1143 0 2.82912e-14 0
1144 0 7.226e-17 0
1145 0 5.25382e-15 0
1146 0 8.22682e-16 0
1147 0 1.33671e-15 0
1148 0 7.226e-17 0
1150 0 1.84718e-14 0
1151 0 4.46268e-14 0
1152 0 9.78613e-14 0
1153 0 5.93696e-15 0
1154 0 4.42041e-15 0
1155 0 1.84718e-14 0
1156 0 1.123e-15 0
1158 0 1.22177e-14 0
1159 0 6.92315e-14 0
1160 0 1.60014e-14 0
1162 0 2.72785e-14 0
1163 0 4.52124e-15 0
1164 0 2.51066e-14 0
1165 0 1.19446e-14 0
1166 0 8.32438e-17 0
1167 0 5.51064e-15 0
1168 0 8.76335e-15 0
1170 0 4.42041e-15 0
1171 0 4.72455e-14 0
1173 0 2.77707e-14 0
1174 0 1.7777e-15 0
1175 0 1.14464e-14 0
1176 0 2.53514e-14 0
1177 0 9.56287e-15 0
1178 0 1.05659e-12 0
1179 0 9.24826e-15 0
1180 0 1.87824e-14 0
1181 0 3.98035e-15 0
1183 0 9.16728e-15 0
1184 0 2.59192e-15 0
1185 0 2.35314e-14 0
1186 0 7.72704e-14 0
1187 0 7.182e-17 0
1188 0 1.31059e-14 0
1189 0 7.182e-17 0
1190 0 4.37644e-15 0
1191 0 2.1675e-17 0
1192 0 1.13222e-14 0
1193 0 1.12589e-14 0
1195 0 7.182e-17 0
1197 0 2.88228e-14 0
1198 0 2.63199e-15 0
1203 0 4.37644e-15 0
1204 0 1.95833e-14 0
1205 0 1.66863e-14 0
1206 0 7.182e-17 0
1210 0 2.94356e-14 0
1211 0 6.12368e-15 0
1213 0 4.42041e-15 0
1214 0 1.30391e-14 0
1215 0 5.91202e-15 0
1216 0 1.84718e-14 0
1217 0 5.64941e-14 0
1218 0 1.02019e-15 0
1219 0 4.08377e-15 0
1220 0 4.08377e-15 0
1222 0 1.02019e-15 0
1223 0 1.22945e-14 0
1224 0 1.44354e-14 0
1225 0 8.18829e-16 0
1227 0 1.72413e-14 0
1228 0 7.182e-17 0
1229 0 1.21178e-14 0
1231 0 9.96326e-15 0
1232 0 2.85998e-14 0
1234 0 1.66742e-15 0
1235 0 9.71836e-15 0
1236 0 2.8169e-15 0
1237 0 5.00013e-15 0
1239 0 1.3388e-15 0
1240 0 6.00227e-15 0
1241 0 2.72913e-14 0
1242 0 6.42981e-15 0
1244 0 2.74331e-14 0
1245 0 1.03639e-15 0
1246 0 2.74331e-14 0
1248 0 4.06766e-14 0
1249 0 3.05436e-14 0
1250 0 1.02369e-14 0
1251 0 1.58156e-15 0
1252 0 5.25382e-15 0
1253 0 1.15424e-15 0
1254 0 1.14323e-13 0
1255 0 6.03238e-15 0
1256 0 8.17906e-15 0
1257 0 7.65889e-14 0
1258 0 5.87075e-17 0
1259 0 9.3116e-15 0
1260 0 8.34345e-14 0
1261 0 2.34475e-14 0
1262 0 1.35402e-14 0
1263 0 4.73326e-15 0
1264 0 3.31677e-14 0
1265 0 1.12666e-14 0
1266 0 2.39392e-14 0
1267 0 1.07042e-14 0
1268 0 5.95003e-14 0
1269 0 4.48096e-15 0
1270 0 3.10857e-14 0
1271 0 2.74331e-14 0
1273 0 3.2907e-14 0
1274 0 2.37488e-14 0
1275 0 5.16618e-17 0
1276 0 5.07224e-13 0
1277 0 5.99323e-15 0
1278 0 5.39806e-15 0
1280 0 4.56862e-15 0
1281 0 3.74954e-14 0
1283 0 2.75156e-15 0
1284 0 4.71432e-15 0
1285 0 4.81761e-14 0
1286 0 2.66079e-14 0
1287 0 6.64825e-15 0
1288 0 7.182e-17 0
1289 0 5.97337e-15 0
1290 0 3.56276e-14 0
1291 0 6.14495e-15 0
1294 0 6.92315e-14 0
1295 0 2.11163e-17 0
1296 0 4.48096e-15 0
1297 0 5.68319e-16 0
1298 0 4.08377e-15 0
1301 0 3.06528e-14 0
1302 0 7.182e-17 0
1303 0 2.2164e-14 0
1305 0 5.9077e-15 0
1306 0 1.02019e-15 0
1307 0 1.2555e-14 0
1308 0 9.36073e-15 0
1309 0 4.52959e-15 0
1310 0 4.032e-17 0
1311 0 4.73516e-14 0
1312 0 5.98053e-15 0
1313 0 4.08377e-15 0
1314 0 3.45751e-14 0
1315 0 1.10273e-14 0
1316 0 2.71008e-14 0
1317 0 2.73314e-15 0
1319 0 3.56276e-14 0
1321 0 2.94227e-14 0
1322 0 7.182e-17 0
1323 0 3.05878e-14 0
1324 0 2.45542e-14 0
1325 0 3.02825e-14 0
1326 0 3.06311e-14 0
1327 0 2.75049e-14 0
1328 0 3.05436e-14 0
1329 0 4.37644e-15 0
1331 0 8.92289e-15 0
1334 0 8.01942e-15 0
1335 0 1.39678e-14 0
1336 0 4.56821e-14 0
1337 0 1.93047e-14 0
1339 0 7.182e-17 0
1340 0 2.89578e-15 0
1341 0 4.37644e-15 0
1342 0 3.06757e-14 0
1343 0 1.05659e-12 0
1346 0 5.87075e-17 0
1347 0 1.94241e-14 0
1348 0 4.42041e-15 0
1349 0 2.40999e-14 0
1350 0 1.02019e-15 0
1353 0 2.51066e-14 0
1354 0 4.07359e-14 0
1355 0 1.09873e-14 0
1356 0 1.05659e-12 0
1358 0 1.02274e-14 0
1359 0 1.87208e-14 0
1360 0 3.29049e-14 0
1361 0 1.37871e-15 0
1362 0 3.0592e-13 0
1363 0 1.05659e-12 0
1364 0 8.03764e-15 0
1365 0 1.01162e-14 0
1367 0 1.15424e-15 0
1369 0 2.85114e-14 0
1371 0 1.32309e-14 0
1372 0 4.48753e-14 0
1373 0 1.02377e-15 0
1374 0 2.33976e-14 0
1375 0 2.33976e-14 0
1377 0 7.226e-17 0
1378 0 8.03242e-16 0
1380 0 2.1891e-14 0
1383 0 9.17705e-15 0
1388 0 4.90808e-14 0
1389 0 6.31221e-15 0
1390 0 3.15526e-15 0
1391 0 4.08377e-15 0
1392 0 2.80878e-14 0
1393 0 1.35271e-13 0
1394 0 4.08377e-15 0
1395 0 2.69758e-14 0
1396 0 4.96676e-14 0
1398 0 3.56043e-15 0
1399 0 5.84884e-15 0
1400 0 2.51066e-14 0
1401 0 2.37367e-14 0
1402 0 9.30243e-15 0
1403 0 9.87828e-15 0
1405 0 2.50114e-15 0
1406 0 1.84718e-14 0
1407 0 1.05109e-12 0
1409 0 4.79507e-15 0
1411 0 8.62388e-15 0
1412 0 2.67266e-14 0
1413 0 3.14491e-15 0
1414 0 7.182e-17 0
1415 0 2.35421e-15 0
1417 0 8.98591e-15 0
1418 0 1.85135e-14 0
1421 0 1.15424e-15 0
1422 0 1.85559e-14 0
1423 0 6.12983e-15 0
1424 0 8.18829e-16 0
1425 0 3.06482e-14 0
1427 0 3.08812e-14 0
1428 0 5.14122e-15 0
1429 0 1.8881e-14 0
1430 0 1.24342e-15 0
1431 0 3.54713e-14 0
1432 0 5.25382e-15 0
1433 0 2.1675e-17 0
1434 0 2.66936e-14 0
1437 0 1.94986e-14 0
1438 0 3.55488e-14 0
1439 0 6.49344e-15 0
1441 0 3.16783e-15 0
1443 0 7.49959e-14 0
1445 0 5.25382e-15 0
1448 0 2.73712e-14 0
1449 0 8.87481e-15 0
1450 0 9.74302e-15 0
1451 0 5.84884e-15 0
1453 0 1.12445e-14 0
1454 0 7.63319e-16 0
1456 0 6.22937e-15 0
1457 0 4.08377e-15 0
1460 0 7.182e-17 0
1461 0 8.8184e-15 0
1462 0 3.12397e-15 0
1464 0 3.06842e-15 0
1465 0 1.90591e-14 0
1466 0 7.182e-17 0
1467 0 2.51079e-15 0
1468 0 4.62059e-14 0
1470 0 2.7603e-15 0
1471 0 2.32604e-14 0
1473 0 1.84718e-14 0
1474 0 1.20406e-14 0
1475 0 4.9866e-15 0
1476 0 3.21954e-15 0
1477 0 1.09137e-14 0
1478 0 2.86301e-14 0
1480 0 1.14122e-14 0
1481 0 3.35734e-15 0
1482 0 4.08377e-15 0
1483 0 4.42041e-15 0
1484 0 2.95509e-15 0
1485 0 4.56862e-15 0
1486 0 5.15357e-15 0
1487 0 7.182e-17 0
1488 0 1.1579e-15 0
1490 0 2.36213e-14 0
1491 0 2.35421e-15 0
1492 0 2.33976e-14 0
1493 0 1.17808e-14 0
1494 0 3.54713e-14 0
1495 0 7.66754e-14 0
1496 0 2.51065e-14 0
1497 0 8.8782e-15 0
1498 0 1.35757e-15 0
1499 0 7.182e-17 0
1500 0 9.39846e-15 0
1501 0 6.97096e-15 0
1502 0 8.09098e-14 0
1503 0 4.53579e-15 0
1504 0 1.24187e-15 0
1505 0 8.6037e-15 0
1506 0 7.226e-17 0
1507 0 2.94473e-15 0
1508 0 8.11556e-15 0
1509 0 3.07186e-14 0
1510 0 1.53749e-15 0
1511 0 5.84884e-15 0
1512 0 1.85862e-14 0
1513 0 3.56276e-14 0
1515 0 1.33511e-15 0
1516 0 4.08377e-15 0
1517 0 4.08377e-15 0
1518 0 1.16418e-14 0
1520 0 1.40879e-15 0
1521 0 4.19521e-14 0
1522 0 1.84718e-14 0
1523 0 2.66751e-14 0
1524 0 5.01249e-15 0
1525 0 6.07268e-14 0
1526 0 6.92455e-15 0
1527 0 3.56276e-14 0
1528 0 2.35015e-14 0
1529 0 2.44596e-14 0
1530 0 4.52124e-15 0
1532 0 4.22028e-15 0
1533 0 1.03179e-15 0
1534 0 3.56276e-14 0
1535 0 7.70512e-15 0
1537 0 5.87075e-17 0
1538 0 5.72838e-14 0
1539 0 7.226e-17 0
1540 0 1.11104e-14 0
1541 0 3.1164e-14 0
1542 0 3.27025e-15 0
1543 0 3.00074e-15 0
1544 0 6.98374e-15 0
1546 0 2.44439e-14 0
1547 0 3.31677e-14 0
1548 0 3.08566e-14 0
1549 0 4.82092e-15 0
1550 0 1.11343e-14 0
1551 0 2.51065e-14 0
1552 0 4.37644e-15 0
1553 0 4.88634e-14 0
1554 0 2.1675e-17 0
1555 0 1.47201e-14 0
1556 0 1.63671e-14 0
1557 0 3.05436e-14 0
1558 0 1.02019e-15 0
1560 0 1.20499e-15 0
1561 0 7.182e-17 0
1562 0 3.20243e-15 0
1563 0 9.61057e-16 0
1565 0 1.23745e-14 0
1566 0 1.368e-14 0
1567 0 3.06887e-14 0
1568 0 2.05175e-14 0
1569 0 1.04161e-14 0
1570 0 1.26178e-14 0
1571 0 5.88427e-15 0
1572 0 3.28125e-17 0
1573 0 9.8114e-16 0
1574 0 3.67991e-14 0
1577 0 1.82811e-14 0
1578 0 8.89494e-15 0
1579 0 8.70832e-15 0
1581 0 7.51132e-16 0
1582 0 1.05659e-12 0
1585 0 1.21693e-14 0
1586 0 2.77718e-14 0
1587 0 7.226e-17 0
1588 0 8.30975e-17 0
1589 0 2.74977e-14 0
1590 0 2.93758e-14 0
1591 0 5.8672e-15 0
1592 0 4.07359e-14 0
1593 0 4.37644e-15 0
1594 0 1.15424e-15 0
1595 0 1.05109e-12 0
1597 0 1.87246e-14 0
1598 0 1.02019e-15 0
1599 0 3.31677e-14 0
1600 0 1.36839e-15 0
1601 0 1.14489e-14 0
1602 0 1.09557e-14 0
1605 0 1.11957e-14 0
1606 0 4.73326e-15 0
1607 0 1.12133e-14 0
1608 0 1.02019e-15 0
1609 0 6.01594e-15 0
1610 0 3.08733e-14 0
1611 0 4.56761e-15 0
1612 0 4.64098e-14 0
1613 0 8.19434e-15 0
1614 0 1.91842e-14 0
1615 0 6.81844e-14 0
1616 0 2.53758e-15 0
1617 0 5.43948e-15 0
1618 0 6.1145e-15 0
1620 0 3.56276e-14 0
1621 0 3.06842e-15 0
1622 0 1.09309e-14 0
1623 0 4.49975e-15 0
1624 0 3.56276e-14 0
1625 0 8.99485e-15 0
1626 0 1.15193e-14 0
1627 0 9.34314e-15 0
1628 0 1.16419e-15 0
1629 0 1.9813e-14 0
1631 0 6.11442e-15 0
1632 0 1.87623e-14 0
1633 0 8.03192e-15 0
1634 0 2.1675e-17 0
1635 0 2.38291e-14 0
1636 0 4.71432e-15 0
1638 0 9.00521e-15 0
1639 0 7.26398e-14 0
1640 0 2.28249e-14 0
1641 0 9.46941e-15 0
1642 0 1.13535e-15 0
1643 0 4.80198e-15 0
1644 0 3.56276e-14 0
1646 0 1.84718e-14 0
1647 0 1.86046e-14 0
1648 0 1.20071e-14 0
1651 0 2.62617e-15 0
1652 0 1.15798e-14 0
1654 0 6.92315e-14 0
1655 0 3.09253e-14 0
1656 0 4.56862e-15 0
1657 0 4.18667e-15 0
1658 0 2.89403e-15 0
1659 0 1.53603e-14 0
1660 0 6.43476e-15 0
1661 0 1.33248e-14 0
1663 0 2.17426e-14 0
1664 0 8.53304e-16 0
1666 0 4.42041e-15 0
1667 0 3.00312e-15 0
1668 0 2.87227e-14 0
1669 0 4.56862e-15 0
1670 0 2.6795e-14 0
1672 0 2.11163e-17 0
1674 0 1.85278e-14 0
1675 0 1.95707e-14 0
1676 0 4.71432e-15 0
1677 0 5.7019e-15 0
1679 0 1.02019e-15 0
1680 0 2.70319e-14 0
1681 0 1.22617e-14 0
1682 0 4.50862e-14 0
1683 0 1.19703e-14 0
1684 0 5.16618e-17 0
1685 0 4.37644e-15 0
1686 0 5.5206e-14 0
1687 0 2.77324e-14 0
1689 0 5.25382e-15 0
1690 0 3.36947e-15 0
1691 0 1.1753e-14 0
1692 0 2.66751e-14 0
1693 0 2.28031e-14 0
1694 0 2.78043e-15 0
1695 0 2.89334e-14 0
1696 0 1.44472e-14 0
1697 0 3.05436e-14 0
1698 0 1.22494e-14 0
1699 0 2.79066e-14 0
1700 0 1.11547e-15 0
1702 0 6.41363e-15 0
1704 0 1.18747e-14 0
1705 0 2.29563e-14 0
1706 0 2.11163e-17 0
1707 0 1.39669e-15 0
1708 0 5.91794e-15 0
1709 0 8.75121e-15 0
1710 0 1.06869e-14 0
1711 0 6.86859e-14 0
1712 0 9.74442e-14 0
1713 0 1.12434e-14 0
1714 0 3.06812e-14 0
1715 0 5.9077e-15 0
1716 0 2.28366e-14 0
1717 0 2.36337e-14 0
1719 0 3.0733e-14 0
1720 0 3.07142e-15 0
1721 0 6.11641e-15 0
1724 0 8.87142e-15 0
1728 0 1.86535e-14 0
1729 0 1.02019e-15 0
1730 0 2.74896e-14 0
1731 0 5.87075e-17 0
1732 0 7.74509e-15 0
1733 0 1.05109e-12 0
1734 0 4.08377e-15 0
1735 0 4.71432e-15 0
1736 0 1.6377e-14 0
1737 0 9.35839e-14 0
1738 0 4.4361e-14 0
1739 0 7.77979e-15 0
1740 0 1.02019e-15 0
1742 0 8.30975e-17 0
1744 0 7.44447e-15 0
1745 0 2.1675e-17 0
1746 0 9.00966e-15 0
1748 0 1.14635e-14 0
1749 0 4.81287e-14 0
1750 0 2.11163e-17 0
1751 0 2.78622e-14 0
1753 0 5.27235e-15 0
1754 0 1.18379e-14 0
1755 0 6.33064e-15 0
1756 0 2.89319e-15 0
1757 0 4.59251e-14 0
1758 0 3.98035e-15 0
1760 0 1.31759e-14 0
1761 0 1.54322e-15 0
1762 0 2.66079e-14 0
1763 0 1.47376e-15 0
1765 0 4.08377e-15 0
1767 0 4.68513e-14 0
1768 0 3.56043e-15 0
1769 0 4.032e-17 0
1770 0 8.96269e-15 0
1771 0 1.20651e-14 0
1772 0 4.08377e-15 0
1774 0 1.64144e-14 0
1775 0 3.23291e-14 0
1776 0 3.31677e-14 0
1777 0 4.49975e-15 0
1778 0 4.22028e-15 0
1779 0 7.226e-17 0
1780 0 2.1675e-17 0
1781 0 1.2455e-15 0
1782 0 5.25382e-15 0
1783 0 1.54025e-14 0
1784 0 2.03425e-14 0
1785 0 2.1675e-17 0
1787 0 7.51132e-16 0
1788 0 7.226e-17 0
1790 0 2.85786e-14 0
1791 0 7.226e-17 0
1792 0 2.1891e-14 0
1793 0 7.226e-17 0
1794 0 2.73966e-14 0
1795 0 2.1891e-14 0
1797 0 1.8531e-14 0
1798 0 1.16092e-14 0
1799 0 1.10306e-14 0
1800 0 6.23829e-16 0
1801 0 1.61771e-15 0
1802 0 3.54713e-14 0
1803 0 2.71107e-14 0
1804 0 2.82749e-14 0
1805 0 2.48436e-14 0
1806 0 1.00409e-14 0
1807 0 7.226e-17 0
1808 0 6.92315e-14 0
1809 0 8.74254e-15 0
1810 0 1.0817e-15 0
1812 0 1.36641e-15 0
1814 0 6.92315e-14 0
1815 0 1.38838e-15 0
1816 0 1.10787e-14 0
1817 0 2.51066e-14 0
1819 0 7.182e-17 0
1822 0 1.14824e-14 0
1823 0 3.06842e-15 0
1824 0 2.83478e-15 0
1825 0 2.6876e-14 0
1826 0 6.37244e-15 0
1827 0 4.7144e-15 0
1829 0 4.07359e-14 0
1830 0 1.00963e-14 0
1831 0 7.182e-17 0
1832 0 2.72982e-14 0
1833 0 1.31566e-14 0
1834 0 2.74844e-15 0
1837 0 2.959e-14 0
1838 0 5.9077e-15 0
1840 0 9.68947e-15 0
1842 0 4.4145e-17 0
1843 0 1.4004e-14 0
1844 0 1.10277e-14 0
1845 0 2.91839e-15 0
1846 0 1.05659e-12 0
1847 0 1.05659e-12 0
1848 0 4.46561e-14 0
1849 0 1.45488e-14 0
1851 0 1.16548e-14 0
1853 0 1.14308e-15 0
1854 0 7.226e-17 0
1855 0 4.4589e-14 0
1856 0 7.226e-17 0
1857 0 4.37644e-15 0
1860 0 2.1891e-14 0
1861 0 2.51065e-14 0
1862 0 3.05436e-14 0
1863 0 2.73741e-14 0
1864 0 7.33177e-14 0
1865 0 1.85121e-14 0
1866 0 3.22914e-15 0
1867 0 2.94473e-15 0
1870 0 1.0093e-15 0
1871 0 2.94473e-15 0
1872 0 5.78442e-14 0
1873 0 3.28125e-17 0
1875 0 1.96288e-14 0
1876 0 4.71142e-14 0
1879 0 2.1891e-14 0
1881 0 2.1891e-14 0
1882 0 1.14746e-14 0
1883 0 1.05109e-12 0
1885 0 4.48435e-14 0
1886 0 3.56276e-14 0
1887 0 1.4367e-14 0
1888 0 7.226e-17 0
1889 0 3.09957e-15 0
1890 0 2.83469e-14 0
1891 0 3.05052e-15 0
1892 0 4.37644e-15 0
1893 0 1.31249e-15 0
1895 0 2.0362e-14 0
1896 0 1.96263e-17 0
1897 0 4.032e-17 0
1898 0 1.36195e-14 0
1899 0 2.33976e-14 0
1902 0 2.74331e-14 0
1903 0 7.9999e-14 0
1904 0 5.25382e-15 0
1905 0 4.032e-17 0
1906 0 2.1675e-17 0
1907 0 5.9077e-15 0
1908 0 2.62675e-14 0
1909 0 3.06837e-14 0
1910 0 2.66079e-14 0
1912 0 7.182e-17 0
1913 0 4.52124e-15 0
1914 0 1.5029e-14 0
1915 0 1.32956e-14 0
1916 0 2.82912e-14 0
1917 0 4.03586e-15 0
1918 0 6.00933e-15 0
1919 0 1.05659e-12 0
1921 0 7.182e-17 0
1922 0 3.56043e-15 0
1923 0 3.31677e-14 0
1924 0 4.7346e-14 0
1926 0 2.94473e-15 0
1927 0 1.0905e-14 0
1928 0 4.032e-17 0
1930 0 4.08377e-15 0
1931 0 2.74059e-14 0
1932 0 4.37644e-15 0
1933 0 7.226e-17 0
1934 0 1.52584e-14 0
1936 0 2.99064e-15 0
1937 0 2.76665e-14 0
1938 0 2.85481e-14 0
1939 0 1.097e-14 0
1940 0 2.71167e-14 0
1941 0 7.182e-17 0
1942 0 6.23829e-16 0
1943 0 5.42571e-15 0
1944 0 7.226e-17 0
1945 0 4.08377e-15 0
1947 0 1.58156e-15 0
1948 0 2.62617e-15 0
1949 0 4.74695e-14 0
1950 0 1.51675e-15 0
1951 0 1.2889e-14 0
1953 0 1.19386e-14 0
1954 0 1.72107e-14 0
1955 0 3.56276e-14 0
1956 0 2.93872e-14 0
1957 0 3.05436e-14 0
1959 0 2.76316e-14 0
1960 0 4.66743e-15 0
1961 0 4.56862e-15 0
1962 0 4.212e-17 0
1964 0 1.46701e-14 0
1965 0 7.226e-17 0
1966 0 1.12949e-15 0
1967 0 2.1891e-14 0
1968 0 7.891e-15 0
1969 0 3.55488e-14 0
1970 0 1.03308e-15 0
1971 0 2.18341e-14 0
1972 0 8.4518e-15 0
1974 0 1.5261e-15 0
1975 0 2.84908e-14 0
1977 0 8.14923e-15 0
1978 0 1.34006e-14 0
1979 0 2.73314e-15 0
1980 0 2.26353e-14 0
1981 0 1.53715e-14 0
1982 0 7.182e-17 0
1983 0 5.90371e-15 0
1984 0 6.1029e-15 0
1985 0 4.07359e-14 0
1986 0 3.54713e-14 0
1988 0 3.06905e-14 0
1989 0 5.68442e-15 0
1991 0 4.73157e-15 0
1992 0 2.77927e-15 0
1994 0 4.032e-17 0
1995 0 3.01034e-14 0
1996 0 4.48096e-15 0
1998 0 3.11902e-14 0
1999 0 4.08377e-15 0
2000 0 1.1492e-15 0
2001 0 1.22851e-14 0
2004 0 2.78354e-14 0
2005 0 3.24518e-15 0
2006 0 1.24244e-15 0
2007 0 2.66751e-14 0
2008 0 4.46304e-14 0
2009 0 1.21228e-14 0
2010 0 1.0922e-14 0
2012 0 9.5157e-15 0
2013 0 4.85296e-15 0
2014 0 1.00693e-14 0
2015 0 3.56043e-15 0
2016 0 1.85513e-13 0
2017 0 1.05109e-12 0
2018 0 2.38663e-14 0
2019 0 7.226e-17 0
2020 0 5.9077e-15 0
2021 0 3.75937e-14 0
2022 0 2.83283e-14 0
2023 0 1.89109e-14 0
2024 0 4.37644e-15 0
2025 0 1.05109e-12 0
2026 0 3.05581e-14 0
2027 0 6.13407e-15 0
2028 0 7.226e-17 0
2029 0 9.14771e-15 0
2030 0 3.56043e-15 0
2032 0 7.226e-17 0
2033 0 2.39342e-14 0
2034 0 3.23985e-15 0
2035 0 2.70842e-14 0
2036 0 4.37644e-15 0
2037 0 3.07142e-15 0
2038 0 1.2864e-14 0
2039 0 7.226e-17 0
2042 0 4.42041e-15 0
2043 0 1.18669e-14 0
2045 0 4.07359e-14 0
2047 0 2.77927e-15 0
2048 0 7.182e-17 0
2049 0 5.16618e-17 0
2050 0 2.683e-14 0
2051 0 1.13115e-14 0
2052 0 3.07166e-14 0
2054 0 8.92258e-15 0
2055 0 2.1891e-14 0
2056 0 1.02019e-15 0
2057 0 4.82084e-14 0
2059 0 2.67818e-14 0
2060 0 2.38005e-14 0
2061 0 2.62617e-15 0
2062 0 7.182e-17 0
2063 0 2.38425e-14 0
2064 0 2.35515e-14 0
2065 0 1.14956e-14 0
2066 0 3.31677e-14 0
2067 0 1.06838e-14 0
2068 0 7.68804e-15 0
2069 0 3.35366e-15 0
2070 0 1.8576e-14 0
2071 0 7.182e-17 0
2072 0 5.23231e-15 0
2073 0 2.93414e-14 0
2076 0 2.35746e-14 0
2077 0 3.973e-15 0
2078 0 4.9335e-17 0
2079 0 5.85856e-15 0
2081 0 5.0217e-15 0
2082 0 3.05436e-14 0
2083 0 1.05659e-12 0
2084 0 3.05436e-14 0
2085 0 1.16585e-13 0
2086 0 4.22028e-15 0
2087 0 1.07813e-15 0
2088 0 7.226e-17 0
2089 0 1.47343e-15 0
2090 0 7.03579e-15 0
2092 0 5.75703e-15 0
2093 0 4.64858e-14 0
2094 0 1.02019e-15 0
2095 0 2.1675e-17 0
2097 0 1.26783e-14 0
2098 0 1.52648e-14 0
2099 0 1.41308e-15 0
2101 0 8.4518e-15 0
2102 0 2.3604e-14 0
2103 0 3.27159e-15 0
2104 0 4.2558e-14 0
2105 0 2.69837e-14 0
2106 0 8.86827e-15 0
2107 0 2.08839e-14 0
2108 0 4.48096e-15 0
2109 0 3.05581e-14 0
2110 0 1.84718e-14 0
2112 0 7.226e-17 0
2113 0 3.55488e-14 0
2114 0 4.42041e-15 0
2115 0 4.48096e-15 0
2116 0 1.71488e-14 0
2117 0 8.96587e-15 0
2118 0 1.43588e-15 0
2120 0 2.82912e-14 0
2121 0 4.65279e-14 0
2122 0 3.10279e-14 0
2123 0 1.4204e-15 0
2124 0 6.40172e-14 0
2125 0 1.05659e-12 0
2126 0 1.19782e-14 0
2127 0 1.05659e-12 0
2128 0 3.07142e-15 0
2129 0 5.73054e-15 0
2130 0 8.75801e-15 0
2132 0 8.67678e-15 0
2133 0 4.56761e-15 0
2134 0 4.95857e-15 0
2135 0 3.69746e-14 0
2136 0 4.37644e-15 0
2137 0 1.22491e-14 0
2138 0 3.12743e-15 0
2139 0 4.41618e-14 0
2140 0 1.03639e-15 0
2141 0 9.08208e-15 0
2142 0 3.1164e-14 0
2143 0 2.95853e-15 0
2144 0 2.10093e-15 0
2147 0 8.79683e-15 0
2148 0 7.17726e-14 0
2150 0 4.93191e-15 0
2152 0 2.40375e-15 0
2153 0 8.15717e-16 0
2154 0 6.38856e-15 0
2155 0 4.74388e-15 0
2156 0 2.80054e-14 0
2157 0 1.3815e-14 0
2158 0 7.226e-17 0
2159 0 3.05436e-14 0
2163 0 3.15651e-14 0
2164 0 4.73439e-14 0
2166 0 1.93441e-14 0
2167 0 5.30483e-15 0
2168 0 2.85496e-14 0
2170 0 1.84718e-14 0
2171 0 1.35283e-14 0
2172 0 1.12593e-15 0
2173 0 2.34196e-14 0
2174 0 7.226e-17 0
2175 0 8.61866e-15 0
2176 0 2.84829e-14 0
2177 0 1.03127e-14 0
2180 0 7.182e-17 0
2181 0 4.37644e-15 0
2182 0 1.20825e-14 0
2183 0 1.45848e-15 0
2184 0 1.11547e-15 0
2185 0 1.18349e-14 0
2186 0 2.26056e-14 0
2187 0 2.86268e-14 0
2188 0 6.0864e-15 0
2189 0 3.02138e-15 0
2190 0 2.35493e-14 0
2191 0 2.06096e-14 0
2192 0 2.79379e-14 0
2193 0 1.42229e-15 0
2194 0 3.02873e-14 0
2195 0 1.20493e-14 0
2196 0 3.17413e-15 0
2197 0 1.02019e-15 0
2198 0 4.46668e-14 0
2199 0 4.48096e-15 0
2200 0 6.12742e-14 0
2201 0 1.02019e-15 0
2202 0 3.00024e-14 0
2203 0 1.12195e-15 0
2204 0 5.16618e-17 0
2205 0 4.9335e-17 0
2206 0 4.62805e-14 0
2208 0 1.10493e-14 0
2209 0 7.226e-17 0
2211 0 7.226e-17 0
2212 0 1.25827e-14 0
2213 0 4.37644e-15 0
2215 0 9.10722e-15 0
2216 0 1.66742e-15 0
2217 0 3.1254e-14 0
2218 0 2.70479e-15 0
2219 0 2.75405e-15 0
2220 0 2.19487e-14 0
2221 0 2.11163e-17 0
2223 0 1.46982e-15 0
2224 0 3.55488e-14 0
2225 0 1.15971e-15 0
2226 0 5.9077e-15 0
2228 0 4.37644e-15 0
2229 0 1.288e-14 0
2230 0 1.2835e-14 0
2231 0 1.85862e-14 0
2232 0 1.11391e-14 0
2233 0 3.54713e-14 0
2234 0 4.08377e-15 0
2235 0 3.55488e-14 0
2236 0 7.226e-17 0
2237 0 1.94888e-14 0
2238 0 9.87839e-15 0
2239 0 1.02019e-15 0
2240 0 1.63822e-14 0
2242 0 5.76488e-15 0
2244 0 3.31677e-14 0
2245 0 1.10971e-15 0
2246 0 4.55681e-14 0
2247 0 3.11305e-14 0
2248 0 2.8074e-14 0
2249 0 4.08377e-15 0
2251 0 3.06033e-14 0
2253 0 2.11163e-17 0
2254 0 1.86323e-14 0
2255 0 4.70683e-14 0
2256 0 2.58479e-14 0
2257 0 5.49632e-15 0
2258 0 2.74121e-14 0
2259 0 2.85481e-14 0
2260 0 4.08377e-15 0
2261 0 2.1675e-17 0
2263 0 1.18996e-13 0
2266 0 1.84718e-14 0
2267 0 3.07142e-15 0
2268 0 2.34555e-14 0
2269 0 2.18511e-14 0
2270 0 8.86729e-15 0
2271 0 5.31742e-15 0
2273 0 1.1862e-14 0
2274 0 5.93969e-15 0
2275 0 1.05659e-12 0
2276 0 2.59309e-15 0
2278 0 3.05436e-14 0
2279 0 7.38558e-14 0
2280 0 8.11864e-15 0
2281 0 5.84884e-15 0
2282 0 7.0267e-15 0
2283 0 2.11163e-17 0
2285 0 1.85135e-14 0
2286 0 7.182e-17 0
2287 0 2.734e-14 0
2288 0 1.90146e-14 0
2289 0 3.10692e-14 0
2292 0 1.03639e-15 0
2293 0 7.226e-17 0
2294 0 2.69758e-14 0
2295 0 5.84884e-15 0
2296 0 2.1675e-17 0
2297 0 2.66079e-14 0
2301 0 7.226e-17 0
2302 0 3.54713e-14 0
2303 0 3.48364e-15 0
2304 0 1.20996e-14 0
2305 0 1.24934e-14 0
2306 0 2.3509e-14 0
2307 0 7.182e-17 0
2308 0 6.5022e-15 0
2309 0 4.59503e-14 0
2310 0 8.58752e-16 0
2311 0 1.30324e-14 0
2312 0 7.182e-17 0
2313 0 1.53746e-14 0
2314 0 2.39273e-14 0
2315 0 8.30975e-17 0
2316 0 4.67371e-14 0
2317 0 2.1675e-17 0
2318 0 1.43508e-14 0
2319 0 9.39049e-15 0
2322 0 1.83932e-14 0
2323 0 2.1891e-14 0
2325 0 4.77695e-15 0
2326 0 3.54713e-14 0
2327 0 1.42226e-15 0
2329 0 6.92315e-14 0
2330 0 4.37644e-15 0
2331 0 4.77775e-14 0
2332 0 2.1891e-14 0
2333 0 6.17695e-15 0
2334 0 2.74725e-14 0
2335 0 4.52124e-15 0
2336 0 2.79121e-14 0
2337 0 2.1675e-17 0
2338 0 2.94473e-15 0
2339 0 1.61404e-14 0
2340 0 1.30554e-15 0
2341 0 1.76168e-14 0
2343 0 8.70843e-15 0
2344 0 7.182e-17 0
2345 0 9.8114e-16 0
2349 0 4.07359e-14 0
2350 0 7.153e-15 0
2351 0 9.36113e-15 0
2352 0 1.03639e-15 0
2353 0 2.81913e-14 0
2354 0 7.182e-17 0
2355 0 1.88463e-14 0
2357 0 9.1986e-15 0
2358 0 5.2116e-15 0
2359 0 1.21973e-14 0
2360 0 6.19387e-15 0
2361 0 1.05109e-12 0
2362 0 6.1333e-15 0
2363 0 2.51065e-14 0
2365 0 5.9077e-15 0
2366 0 4.07359e-14 0
2367 0 2.35459e-14 0
2368 0 1.13715e-14 0
2370 0 2.71861e-14 0
2371 0 4.64018e-15 0
2372 0 7.27319e-16 0
2373 0 1.01077e-15 0
2374 0 6.40148e-15 0
2375 0 3.55488e-14 0
2376 0 1.27655e-14 0
2379 0 3.31677e-14 0
2381 0 4.37644e-15 0
2382 0 4.52124e-15 0
2383 0 2.63199e-15 0
2384 0 2.88297e-14 0
2386 0 2.1675e-17 0
2387 0 2.94473e-15 0
2388 0 1.38593e-15 0
2389 0 2.35449e-14 0
2390 0 3.31677e-14 0
2391 0 1.95272e-14 0
2392 0 2.66936e-14 0
2393 0 4.56862e-15 0
2394 0 4.75546e-14 0
2395 0 1.02019e-15 0
2396 0 2.12106e-14 0
2397 0 2.53758e-15 0
2398 0 7.32006e-14 0
2400 0 4.97537e-15 0
2401 0 3.56043e-15 0
2402 0 6.263e-15 0
2404 0 5.81076e-15 0
2405 0 3.20686e-15 0
2407 0 8.84562e-15 0
2408 0 3.32945e-15 0
2409 0 3.54713e-14 0
2410 0 9.22455e-15 0
2411 0 2.68422e-14 0
2415 0 2.85278e-14 0
2417 0 5.87075e-17 0
2418 0 1.68371e-14 0
2419 0 5.71495e-15 0
2420 0 7.226e-17 0
2421 0 8.96339e-16 0
2423 0 2.55325e-15 0
2425 0 2.78833e-14 0
2426 0 1.83107e-14 0
2429 0 5.25382e-15 0
2430 0 3.12867e-14 0
2431 0 2.94473e-15 0
2432 0 2.94473e-15 0
2433 0 2.74331e-14 0
2435 0 2.00733e-14 0
2436 0 2.38598e-14 0
2438 0 7.226e-17 0
2440 0 1.37914e-15 0
2441 0 1.03861e-15 0
2442 0 4.4055e-14 0
2443 0 1.17754e-15 0
2444 0 5.16121e-14 0
2446 0 1.39463e-14 0
2447 0 3.06842e-15 0
2448 0 3.07248e-14 0
2449 0 1.80113e-14 0
2450 0 4.37644e-15 0
2451 0 1.59422e-14 0
2452 0 2.73754e-14 0
2453 0 9.07315e-15 0
2454 0 2.8395e-14 0
2455 0 3.14491e-15 0
2456 0 4.51189e-14 0
2457 0 4.53107e-14 0
2458 0 9.05594e-14 0
2459 0 4.07359e-14 0
2461 0 4.032e-17 0
2462 0 4.71432e-15 0
2463 0 8.7923e-15 0
2464 0 2.7844e-14 0
2465 0 3.07236e-15 0
2467 0 5.21741e-15 0
2472 0 2.36929e-14 0
2473 0 8.30975e-17 0
2474 0 1.91133e-14 0
2475 0 2.02356e-14 0
2476 0 5.25382e-15 0
2477 0 2.81267e-14 0
2478 0 7.80157e-14 0
2479 0 5.84884e-15 0
2481 0 2.66079e-14 0
2483 0 1.29516e-15 0
2484 0 6.00537e-15 0
2485 0 3.54713e-14 0
2487 0 3.05436e-14 0
2488 0 2.3509e-14 0
2491 0 4.08377e-15 0
2492 0 6.79117e-15 0
2493 0 1.18653e-14 0
2494 0 5.46198e-15 0
2495 0 1.35347e-14 0
2496 0 5.50832e-15 0
2497 0 4.08377e-15 0
2498 0 1.65358e-14 0
2499 0 6.07218e-14 0
2500 0 2.1675e-17 0
2502 0 4.88545e-14 0
2503 0 4.37644e-15 0
2504 0 1.02019e-15 0
2505 0 4.48191e-14 0
2506 0 1.43436e-15 0
2507 0 3.78931e-14 0
2508 0 2.1351e-14 0
2509 0 1.11985e-15 0
2510 0 2.0808e-14 0
2511 0 4.50781e-14 0
2513 0 7.182e-17 0
2514 0 1.21138e-14 0
2515 0 3.97423e-14 0
2518 0 1.37928e-14 0
2521 0 7.42922e-14 0
2522 0 1.89601e-14 0
2523 0 6.92315e-14 0
2524 0 1.17179e-14 0
2525 0 8.03242e-16 0
2526 0 2.93147e-15 0
2527 0 2.44205e-15 0
2528 0 4.71432e-15 0
2529 0 2.73896e-14 0
2530 0 4.96745e-15 0
2531 0 5.0525e-15 0
2532 0 4.85512e-14 0
2533 0 2.94473e-15 0
2534 0 1.06247e-14 0
2535 0 5.02304e-15 0
2536 0 2.03866e-14 0
2537 0 4.91149e-15 0
2538 0 4.51213e-14 0
2539 0 4.67588e-15 0
2540 0 2.38389e-14 0
2542 0 3.81977e-14 0
2543 0 3.07077e-14 0
2544 0 1.03861e-15 0
2547 0 1.10755e-14 0
2550 0 3.394e-15 0
2551 0 2.51065e-14 0
2552 0 1.53131e-14 0
2553 0 6.06423e-15 0
2554 0 4.032e-17 0
2555 0 3.54713e-14 0
2556 0 3.07734e-14 0
2557 0 1.45038e-14 0
2558 0 4.09154e-14 0
2559 0 8.36816e-14 0
2560 0 9.05931e-15 0
2561 0 7.182e-17 0
2564 0 3.31677e-14 0
2565 0 5.9768e-15 0
2566 0 1.23131e-15 0
2567 0 5.87075e-17 0
2568 0 2.16241e-15 0
2570 0 1.90506e-14 0
2572 0 2.1675e-17 0
2573 0 4.37644e-15 0
2575 0 1.10239e-15 0
2576 0 5.6175e-14 0
2577 0 4.45902e-14 0
2578 0 2.38426e-14 0
2581 0 2.34496e-14 0
2582 0 4.69123e-14 0
2583 0 5.25382e-15 0
2584 0 2.51065e-14 0
2585 0 9.13896e-15 0
2586 0 2.74331e-14 0
2587 0 6.23829e-16 0
2588 0 3.00429e-14 0
2589 0 5.95092e-15 0
2591 0 2.35815e-14 0
2592 0 1.20205e-15 0
2593 0 4.08377e-15 0
2594 0 4.47735e-15 0
2595 0 4.71432e-15 0
2596 0 4.08377e-15 0
2597 0 2.69278e-14 0
2598 0 4.032e-17 0
2599 0 2.53028e-15 0
2601 0 1.96263e-17 0
2602 0 1.72378e-14 0
2603 0 1.5527e-15 0
2604 0 5.95274e-15 0
2605 0 1.18882e-14 0
2606 0 1.03861e-15 0
2608 0 1.02019e-15 0
2610 0 1.46823e-15 0
2611 0 2.85089e-14 0
2613 0 4.08377e-15 0
2614 0 4.08377e-15 0
2615 0 1.31825e-14 0
2616 0 6.68985e-15 0
2617 0 3.14421e-14 0
2618 0 5.61097e-14 0
2619 0 3.54713e-14 0
2620 0 6.00537e-15 0
2621 0 1.96263e-17 0
2622 0 1.54827e-14 0
2624 0 2.48799e-14 0
2626 0 1.26218e-15 0
2627 0 2.34401e-15 0
2629 0 1.69467e-13 0
2630 0 2.66709e-14 0
2631 0 4.71117e-14 0
2632 0 4.37644e-15 0
2633 0 4.37644e-15 0
2634 0 3.25742e-14 0
2635 0 2.13487e-14 0
2636 0 3.56043e-15 0
2637 0 1.02019e-15 0
2639 0 4.08377e-15 0
2640 0 1.1662e-14 0
2641 0 4.42041e-15 0
2642 0 2.74305e-14 0
2643 0 4.59292e-15 0
2644 0 2.76338e-14 0
2645 0 4.032e-17 0
2647 0 2.94473e-15 0
2648 0 3.55488e-14 0
2649 0 2.64356e-15 0
2650 0 1.34303e-15 0
2652 0 1.55717e-15 0
2653 0 2.49958e-14 0
2654 0 3.31677e-14 0
2655 0 9.34684e-15 0
2656 0 6.23848e-15 0
2657 0 2.95378e-14 0
2658 0 4.56862e-15 0
2659 0 4.63786e-14 0
2660 0 8.30975e-17 0
2661 0 1.1481e-14 0
2662 0 8.63432e-15 0
2663 0 8.61124e-14 0
2665 0 2.66079e-14 0
2666 0 5.16816e-14 0
2667 0 3.99246e-11 0
2668 0 9.58829e-16 0
2669 0 2.33976e-14 0
2671 0 1.64028e-14 0
2672 0 9.45985e-15 0
2674 0 1.7222e-14 0
2675 0 2.38119e-14 0
2676 0 1.15424e-15 0
2677 0 1.05109e-12 0
2678 0 6.35938e-15 0
2679 0 6.8153e-15 0
2680 0 1.12627e-14 0
2681 0 4.64149e-14 0
2682 0 1.03447e-14 0
2683 0 3.09807e-14 0
2684 0 3.07039e-14 0
2685 0 3.10215e-14 0
2686 0 3.46018e-14 0
2687 0 1.02019e-15 0
2688 0 1.11215e-14 0
2689 0 2.38961e-14 0
2690 0 4.032e-17 0
2691 0 3.08638e-14 0
2692 0 2.82141e-14 0
2694 0 2.88976e-14 0
2695 0 7.226e-17 0
2696 0 1.88239e-14 0
2697 0 2.11163e-17 0
2698 0 8.15717e-16 0
2699 0 4.08377e-15 0
2700 0 4.56862e-15 0
2701 0 1.18383e-15 0
2703 0 1.20371e-14 0
2704 0 1.5504e-15 0
2706 0 4.67306e-14 0
2707 0 1.1898e-14 0
2708 0 2.67261e-14 0
2709 0 5.91794e-15 0
2710 0 4.6597e-14 0
2711 0 4.67731e-14 0
2712 0 5.25382e-15 0
2714 0 3.11708e-14 0
2715 0 1.04214e-15 0
2716 0 1.86725e-14 0
2717 0 5.48486e-15 0
2718 0 1.05659e-12 0
2719 0 3.55488e-14 0
2720 0 7.182e-17 0
2721 0 3.05436e-14 0
2722 0 7.182e-17 0
2723 0 1.66742e-15 0
2724 0 5.68174e-15 0
2725 0 1.09309e-14 0
2726 0 1.85975e-14 0
2727 0 3.15143e-14 0
2728 0 1.05659e-12 0
2729 0 1.03639e-15 0
2730 0 3.56043e-15 0
2732 0 3.54713e-14 0
2733 0 3.15936e-14 0
2734 0 2.86175e-14 0
2735 0 3.31677e-14 0
2736 0 5.30586e-14 0
2737 0 1.02019e-15 0
2738 0 2.66079e-14 0
2739 0 3.55488e-14 0
2740 0 2.85631e-14 0
2741 0 4.04013e-14 0
2742 0 2.15429e-14 0
2743 0 4.49975e-15 0
2744 0 2.80335e-14 0
2745 0 8.18829e-16 0
2746 0 2.70867e-14 0
2747 0 2.66079e-14 0
2748 0 1.16234e-15 0
2749 0 3.10149e-14 0
2750 0 1.84718e-14 0
2751 0 1.32349e-14 0
2754 0 7.182e-17 0
2755 0 1.37914e-15 0
2756 0 3.11212e-15 0
2757 0 3.12277e-14 0
2758 0 6.92315e-14 0
2759 0 5.84884e-15 0
2760 0 1.29777e-15 0
2761 0 4.08377e-15 0
